s = [
1, 2;
1, 3;
1, 4;
1, 5;
1, 6;
1, 7;
1, 8;
2, 1;
2, 3;
2, 6;
2, 7;
2, 9;
2, 10;
2, 11;
2, 12;
2, 13;
2, 14;
2, 15;
3, 1;
3, 2;
3, 16;
3, 17;
3, 18;
3, 19;
3, 20;
4, 1;
4, 21;
4, 22;
4, 23;
4, 24;
5, 1;
5, 6;
5, 7;
5, 9;
5, 12;
5, 14;
5, 15;
5, 25;
5, 26;
6, 1;
6, 2;
6, 5;
6, 7;
6, 8;
6, 9;
6, 10;
6, 11;
6, 14;
6, 15;
6, 17;
6, 25;
6, 27;
6, 28;
6, 29;
6, 30;
6, 31;
6, 32;
6, 33;
6, 34;
6, 35;
6, 36;
6, 37;
6, 38;
6, 39;
6, 40;
6, 41;
7, 1;
7, 2;
7, 5;
7, 6;
7, 42;
7, 43;
8, 1;
8, 6;
8, 17;
9, 2;
9, 5;
9, 6;
10, 2;
10, 6;
10, 14;
11, 2;
11, 6;
11, 44;
11, 45;
12, 2;
12, 5;
12, 46;
13, 2;
13, 47;
14, 2;
14, 5;
14, 6;
14, 10;
15, 2;
15, 5;
15, 6;
16, 3;
16, 48;
16, 49;
16, 50;
16, 51;
16, 52;
16, 53;
16, 54;
16, 55;
16, 56;
16, 57;
17, 3;
17, 6;
17, 8;
17, 58;
17, 59;
17, 60;
18, 3;
18, 20;
18, 61;
19, 3;
19, 62;
20, 3;
20, 18;
20, 61;
20, 63;
20, 64;
21, 4;
21, 65;
21, 66;
22, 4;
22, 67;
22, 68;
23, 4;
23, 58;
23, 69;
23, 70;
23, 71;
23, 72;
23, 73;
23, 74;
23, 75;
24, 4;
24, 62;
24, 76;
24, 77;
25, 5;
25, 6;
26, 5;
26, 26;
26, 78;
26, 79;
26, 80;
26, 81;
26, 82;
26, 83;
26, 84;
26, 85;
27, 6;
28, 6;
28, 86;
29, 6;
29, 87;
29, 88;
29, 89;
29, 90;
29, 91;
29, 92;
29, 93;
30, 6;
31, 6;
31, 40;
32, 6;
33, 6;
34, 6;
34, 94;
35, 6;
36, 6;
37, 6;
38, 6;
38, 95;
38, 96;
38, 97;
38, 98;
38, 99;
39, 6;
40, 6;
40, 31;
40, 100;
40, 101;
40, 102;
40, 103;
41, 6;
42, 7;
43, 7;
43, 104;
43, 105;
43, 106;
44, 11;
45, 11;
45, 107;
45, 108;
45, 109;
46, 12;
47, 13;
47, 60;
47, 110;
47, 111;
47, 112;
47, 113;
48, 16;
49, 16;
50, 16;
50, 114;
50, 115;
50, 116;
50, 117;
50, 118;
50, 119;
50, 120;
50, 121;
50, 122;
50, 123;
50, 124;
51, 16;
51, 125;
51, 126;
52, 16;
53, 16;
54, 16;
55, 16;
56, 16;
57, 16;
58, 17;
58, 23;
58, 127;
58, 128;
58, 129;
58, 130;
59, 17;
59, 116;
59, 131;
59, 132;
59, 133;
59, 134;
59, 135;
59, 136;
59, 137;
59, 138;
59, 139;
59, 140;
60, 17;
60, 47;
60, 74;
60, 89;
60, 133;
60, 134;
60, 141;
60, 142;
60, 143;
60, 144;
60, 145;
60, 146;
60, 147;
60, 148;
60, 149;
60, 150;
60, 151;
60, 152;
60, 153;
60, 154;
60, 155;
60, 156;
60, 157;
60, 158;
60, 159;
60, 160;
60, 161;
60, 162;
60, 163;
61, 18;
61, 20;
62, 19;
62, 24;
62, 164;
63, 20;
63, 165;
64, 20;
64, 166;
64, 167;
65, 21;
66, 21;
67, 22;
67, 68;
67, 74;
67, 168;
67, 169;
67, 170;
67, 171;
68, 22;
68, 67;
68, 168;
68, 169;
68, 172;
68, 173;
68, 174;
68, 175;
68, 176;
68, 177;
69, 23;
70, 23;
70, 71;
71, 23;
71, 70;
72, 23;
72, 164;
72, 178;
72, 179;
72, 180;
72, 181;
72, 182;
72, 183;
73, 23;
73, 179;
73, 184;
73, 185;
73, 186;
73, 187;
73, 188;
74, 23;
74, 60;
74, 67;
74, 89;
74, 189;
75, 23;
75, 115;
75, 179;
75, 190;
75, 191;
75, 192;
75, 193;
75, 194;
75, 195;
75, 196;
76, 24;
76, 196;
77, 24;
77, 196;
77, 197;
77, 198;
77, 199;
77, 200;
78, 26;
78, 78;
78, 80;
78, 81;
78, 82;
78, 201;
78, 202;
78, 203;
79, 26;
79, 204;
79, 205;
79, 206;
80, 26;
80, 78;
80, 81;
80, 82;
81, 26;
81, 78;
81, 80;
81, 82;
82, 26;
82, 78;
82, 80;
82, 81;
83, 26;
84, 26;
84, 89;
84, 185;
84, 207;
84, 208;
84, 209;
85, 26;
85, 141;
85, 210;
85, 211;
85, 212;
85, 213;
85, 214;
86, 28;
86, 215;
86, 216;
86, 217;
86, 218;
86, 219;
86, 220;
86, 221;
86, 222;
86, 223;
87, 29;
87, 184;
87, 224;
87, 225;
87, 226;
87, 227;
87, 228;
87, 229;
87, 230;
87, 231;
88, 29;
88, 91;
88, 232;
88, 233;
89, 29;
89, 60;
89, 74;
89, 84;
89, 107;
89, 111;
89, 132;
89, 133;
89, 234;
89, 235;
89, 236;
89, 237;
89, 238;
89, 239;
89, 240;
89, 241;
89, 242;
89, 243;
89, 244;
89, 245;
89, 246;
89, 247;
89, 248;
89, 249;
89, 250;
89, 251;
89, 252;
89, 253;
89, 254;
89, 255;
89, 256;
89, 257;
89, 258;
89, 259;
89, 260;
89, 261;
89, 262;
89, 263;
90, 29;
90, 234;
90, 264;
91, 29;
91, 88;
91, 233;
92, 29;
93, 29;
94, 34;
94, 265;
94, 266;
94, 267;
94, 268;
94, 269;
94, 270;
95, 38;
95, 95;
95, 96;
95, 98;
95, 271;
95, 272;
95, 273;
95, 274;
95, 275;
95, 276;
95, 277;
95, 278;
95, 279;
95, 280;
95, 281;
96, 38;
96, 95;
96, 98;
96, 266;
96, 282;
96, 283;
96, 284;
96, 285;
96, 286;
96, 287;
96, 288;
96, 289;
96, 290;
96, 291;
96, 292;
96, 293;
96, 294;
96, 295;
96, 296;
97, 38;
97, 168;
97, 297;
97, 298;
97, 299;
98, 38;
98, 95;
98, 96;
98, 300;
98, 301;
98, 302;
98, 303;
98, 304;
98, 305;
98, 306;
98, 307;
98, 308;
98, 309;
99, 38;
99, 185;
99, 310;
99, 311;
99, 312;
100, 40;
100, 313;
101, 40;
101, 314;
102, 40;
103, 40;
103, 315;
103, 316;
103, 317;
103, 318;
103, 319;
104, 43;
105, 43;
106, 43;
106, 320;
107, 45;
107, 89;
107, 321;
108, 45;
109, 45;
109, 255;
109, 322;
109, 323;
110, 47;
110, 210;
110, 233;
110, 239;
110, 259;
110, 266;
110, 324;
110, 325;
110, 326;
110, 327;
110, 328;
110, 329;
110, 330;
110, 331;
110, 332;
110, 333;
110, 334;
110, 335;
110, 336;
110, 337;
110, 338;
110, 339;
110, 340;
110, 341;
110, 342;
110, 343;
110, 344;
110, 345;
110, 346;
110, 347;
111, 47;
111, 89;
112, 47;
113, 47;
114, 50;
114, 179;
114, 348;
114, 349;
114, 350;
114, 351;
114, 352;
114, 353;
114, 354;
115, 50;
115, 75;
116, 50;
116, 59;
116, 117;
116, 121;
116, 355;
116, 356;
116, 357;
116, 358;
116, 359;
116, 360;
116, 361;
116, 362;
116, 363;
116, 364;
117, 50;
117, 116;
118, 50;
119, 50;
120, 50;
121, 50;
121, 116;
121, 365;
121, 366;
121, 367;
121, 368;
121, 369;
121, 370;
121, 371;
122, 50;
122, 348;
123, 50;
123, 348;
123, 372;
124, 50;
125, 51;
126, 51;
126, 126;
126, 170;
126, 187;
126, 211;
126, 328;
126, 331;
126, 373;
126, 374;
126, 375;
126, 376;
126, 377;
126, 378;
126, 379;
126, 380;
127, 58;
127, 132;
127, 381;
127, 382;
127, 383;
127, 384;
127, 385;
128, 58;
128, 141;
128, 145;
128, 210;
128, 272;
128, 296;
128, 315;
128, 316;
128, 319;
128, 386;
128, 387;
128, 388;
128, 389;
128, 390;
128, 391;
128, 392;
128, 393;
128, 394;
128, 395;
128, 396;
128, 397;
128, 398;
128, 399;
128, 400;
128, 401;
128, 402;
128, 403;
128, 404;
128, 405;
129, 58;
129, 406;
129, 407;
129, 408;
130, 58;
130, 310;
130, 368;
130, 409;
130, 410;
130, 411;
130, 412;
130, 413;
130, 414;
130, 415;
130, 416;
130, 417;
131, 59;
131, 418;
132, 59;
132, 89;
132, 127;
132, 419;
132, 420;
132, 421;
133, 59;
133, 60;
133, 89;
134, 59;
134, 60;
134, 422;
135, 59;
135, 135;
136, 59;
136, 423;
136, 424;
137, 59;
137, 425;
138, 59;
139, 59;
140, 59;
141, 60;
141, 85;
141, 128;
141, 209;
141, 418;
142, 60;
142, 426;
143, 60;
143, 427;
144, 60;
144, 144;
144, 152;
144, 198;
144, 428;
145, 60;
145, 128;
145, 199;
145, 429;
145, 430;
145, 431;
146, 60;
146, 432;
146, 433;
146, 434;
147, 60;
147, 147;
147, 185;
147, 280;
147, 306;
147, 402;
147, 419;
147, 427;
147, 435;
147, 436;
147, 437;
147, 438;
147, 439;
147, 440;
148, 60;
148, 441;
149, 60;
150, 60;
151, 60;
151, 151;
152, 60;
152, 144;
152, 198;
152, 428;
152, 441;
152, 442;
153, 60;
154, 60;
154, 443;
155, 60;
155, 155;
155, 444;
155, 445;
155, 446;
155, 447;
155, 448;
156, 60;
156, 428;
156, 449;
156, 450;
157, 60;
157, 428;
157, 442;
158, 60;
158, 451;
158, 452;
158, 453;
158, 454;
159, 60;
159, 159;
159, 455;
159, 456;
159, 457;
160, 60;
160, 160;
160, 442;
160, 458;
161, 60;
161, 459;
162, 60;
163, 60;
164, 62;
164, 72;
164, 460;
165, 63;
165, 186;
165, 267;
165, 410;
165, 461;
165, 462;
165, 463;
165, 464;
165, 465;
165, 466;
165, 467;
165, 468;
165, 469;
165, 470;
165, 471;
166, 64;
167, 64;
167, 472;
167, 473;
167, 474;
168, 67;
168, 68;
168, 97;
169, 67;
169, 68;
170, 67;
170, 126;
171, 67;
172, 68;
173, 68;
174, 68;
175, 68;
175, 475;
176, 68;
177, 68;
178, 72;
179, 72;
179, 73;
179, 75;
179, 114;
179, 476;
180, 72;
181, 72;
182, 72;
183, 72;
184, 73;
184, 87;
185, 73;
185, 84;
185, 99;
185, 147;
185, 477;
185, 478;
185, 479;
186, 73;
186, 165;
186, 480;
186, 481;
187, 73;
187, 126;
187, 328;
187, 331;
187, 375;
187, 482;
187, 483;
187, 484;
187, 485;
187, 486;
187, 487;
187, 488;
188, 73;
189, 74;
190, 75;
191, 75;
191, 489;
192, 75;
193, 75;
194, 75;
195, 75;
195, 490;
196, 75;
196, 76;
196, 77;
196, 491;
196, 492;
196, 493;
196, 494;
196, 495;
196, 496;
196, 497;
196, 498;
197, 77;
198, 77;
198, 144;
198, 152;
198, 499;
198, 500;
198, 501;
198, 502;
198, 503;
198, 504;
198, 505;
198, 506;
199, 77;
199, 145;
199, 424;
199, 507;
199, 508;
200, 77;
201, 78;
201, 509;
202, 78;
202, 456;
202, 510;
203, 78;
203, 414;
204, 79;
205, 79;
205, 511;
205, 512;
206, 79;
207, 84;
207, 441;
207, 513;
208, 84;
208, 514;
209, 84;
209, 141;
209, 515;
209, 516;
209, 517;
209, 518;
209, 519;
209, 520;
209, 521;
210, 85;
210, 110;
210, 128;
210, 245;
210, 522;
211, 85;
211, 126;
211, 328;
211, 331;
211, 412;
211, 442;
211, 523;
211, 524;
211, 525;
211, 526;
211, 527;
211, 528;
211, 529;
212, 85;
212, 256;
212, 431;
212, 530;
212, 531;
212, 532;
213, 85;
213, 533;
213, 534;
214, 85;
215, 86;
216, 86;
216, 535;
216, 536;
216, 537;
217, 86;
217, 538;
218, 86;
219, 86;
220, 86;
220, 539;
221, 86;
222, 86;
222, 540;
222, 541;
223, 86;
224, 87;
224, 225;
224, 226;
224, 542;
224, 543;
225, 87;
225, 224;
225, 226;
225, 227;
225, 229;
225, 231;
225, 421;
225, 544;
225, 545;
225, 546;
225, 547;
225, 548;
225, 549;
226, 87;
226, 224;
226, 225;
226, 327;
226, 421;
226, 426;
226, 546;
226, 550;
226, 551;
226, 552;
226, 553;
227, 87;
227, 225;
227, 230;
227, 512;
227, 543;
227, 554;
227, 555;
227, 556;
228, 87;
228, 231;
228, 393;
229, 87;
229, 225;
229, 311;
229, 547;
230, 87;
230, 227;
230, 557;
231, 87;
231, 225;
231, 228;
231, 231;
231, 549;
232, 88;
232, 288;
232, 289;
232, 310;
232, 332;
232, 558;
233, 88;
233, 91;
233, 110;
233, 559;
234, 89;
234, 90;
234, 240;
234, 560;
234, 561;
234, 562;
234, 563;
234, 564;
234, 565;
235, 89;
236, 89;
236, 566;
236, 567;
236, 568;
237, 89;
238, 89;
238, 257;
238, 569;
239, 89;
239, 110;
239, 308;
239, 570;
239, 571;
240, 89;
240, 234;
241, 89;
242, 89;
243, 89;
243, 247;
243, 458;
243, 572;
243, 573;
243, 574;
243, 575;
244, 89;
244, 576;
245, 89;
245, 210;
245, 577;
245, 578;
245, 579;
245, 580;
245, 581;
245, 582;
245, 583;
245, 584;
245, 585;
245, 586;
245, 587;
245, 588;
245, 589;
246, 89;
246, 421;
246, 428;
246, 590;
246, 591;
246, 592;
246, 593;
247, 89;
247, 243;
247, 263;
247, 406;
247, 460;
247, 594;
247, 595;
247, 596;
247, 597;
248, 89;
249, 89;
249, 598;
249, 599;
249, 600;
250, 89;
251, 89;
251, 601;
252, 89;
253, 89;
254, 89;
254, 311;
255, 89;
255, 109;
255, 602;
255, 603;
256, 89;
256, 212;
256, 458;
256, 604;
256, 605;
256, 606;
257, 89;
257, 238;
258, 89;
258, 607;
259, 89;
259, 110;
259, 608;
260, 89;
261, 89;
262, 89;
262, 609;
263, 89;
263, 247;
263, 337;
263, 610;
263, 611;
263, 612;
264, 90;
264, 613;
265, 94;
265, 348;
265, 614;
265, 615;
265, 616;
265, 617;
266, 94;
266, 96;
266, 110;
267, 94;
267, 165;
268, 94;
268, 618;
269, 94;
269, 619;
269, 620;
269, 621;
270, 94;
271, 95;
272, 95;
272, 128;
272, 622;
272, 623;
273, 95;
274, 95;
275, 95;
276, 95;
277, 95;
278, 95;
278, 311;
279, 95;
279, 325;
280, 95;
280, 147;
281, 95;
282, 96;
283, 96;
284, 96;
285, 96;
286, 96;
287, 96;
288, 96;
288, 232;
289, 96;
289, 232;
289, 624;
289, 625;
290, 96;
291, 96;
292, 96;
293, 96;
293, 626;
293, 627;
293, 628;
294, 96;
295, 96;
295, 629;
295, 630;
296, 96;
296, 128;
297, 97;
297, 351;
297, 483;
297, 534;
297, 631;
297, 632;
297, 633;
297, 634;
297, 635;
297, 636;
297, 637;
298, 97;
299, 97;
300, 98;
301, 98;
302, 98;
303, 98;
304, 98;
304, 638;
305, 98;
306, 98;
306, 147;
306, 311;
307, 98;
308, 98;
308, 239;
309, 98;
310, 99;
310, 130;
310, 232;
310, 464;
310, 639;
311, 99;
311, 229;
311, 254;
311, 278;
311, 306;
311, 319;
311, 495;
311, 496;
311, 534;
311, 631;
311, 640;
311, 641;
311, 642;
311, 643;
311, 644;
311, 645;
311, 646;
311, 647;
311, 648;
311, 649;
312, 99;
313, 100;
314, 101;
315, 103;
315, 128;
316, 103;
316, 128;
317, 103;
317, 650;
317, 651;
318, 103;
319, 103;
319, 128;
319, 311;
319, 490;
319, 650;
320, 106;
320, 652;
321, 107;
321, 338;
322, 109;
322, 572;
322, 653;
323, 109;
323, 654;
323, 655;
323, 656;
323, 657;
323, 658;
323, 659;
323, 660;
323, 661;
323, 662;
323, 663;
323, 664;
323, 665;
324, 110;
324, 666;
325, 110;
325, 279;
325, 455;
326, 110;
326, 667;
326, 668;
327, 110;
327, 226;
327, 669;
327, 670;
328, 110;
328, 126;
328, 187;
328, 211;
328, 331;
328, 378;
328, 483;
328, 486;
328, 606;
328, 671;
328, 672;
328, 673;
328, 674;
329, 110;
329, 675;
329, 676;
329, 677;
329, 678;
330, 110;
330, 418;
330, 431;
330, 606;
330, 679;
331, 110;
331, 126;
331, 187;
331, 211;
331, 328;
331, 378;
331, 483;
331, 606;
331, 672;
331, 673;
331, 674;
332, 110;
332, 232;
332, 680;
333, 110;
333, 337;
333, 442;
333, 681;
334, 110;
334, 429;
335, 110;
335, 451;
335, 453;
335, 682;
335, 683;
336, 110;
336, 569;
337, 110;
337, 263;
337, 333;
337, 475;
337, 684;
338, 110;
338, 321;
338, 456;
338, 579;
338, 685;
338, 686;
339, 110;
339, 638;
340, 110;
340, 418;
341, 110;
342, 110;
343, 110;
344, 110;
345, 110;
346, 110;
347, 110;
347, 687;
348, 114;
348, 122;
348, 123;
348, 265;
348, 353;
348, 411;
348, 414;
348, 501;
348, 505;
348, 614;
348, 616;
348, 688;
348, 689;
348, 690;
348, 691;
348, 692;
348, 693;
348, 694;
349, 114;
350, 114;
350, 638;
350, 695;
351, 114;
351, 297;
352, 114;
353, 114;
353, 348;
354, 114;
354, 696;
355, 116;
356, 116;
357, 116;
358, 116;
359, 116;
360, 116;
360, 697;
360, 698;
360, 699;
360, 700;
361, 116;
361, 517;
361, 701;
362, 116;
363, 116;
363, 702;
363, 703;
364, 116;
365, 121;
366, 121;
367, 121;
367, 704;
368, 121;
368, 130;
368, 629;
369, 121;
369, 428;
369, 705;
370, 121;
371, 121;
372, 123;
372, 706;
372, 707;
373, 126;
373, 638;
373, 672;
374, 126;
374, 708;
375, 126;
375, 187;
375, 572;
376, 126;
376, 483;
376, 606;
376, 709;
376, 710;
377, 126;
377, 538;
377, 672;
377, 711;
377, 712;
377, 713;
377, 714;
377, 715;
378, 126;
378, 328;
378, 331;
378, 716;
379, 126;
379, 418;
380, 126;
381, 127;
381, 384;
381, 717;
381, 718;
382, 127;
382, 719;
382, 720;
382, 721;
383, 127;
383, 418;
383, 722;
384, 127;
384, 381;
384, 697;
384, 723;
384, 724;
384, 725;
384, 726;
384, 727;
385, 127;
386, 128;
387, 128;
388, 128;
389, 128;
389, 728;
389, 729;
390, 128;
391, 128;
392, 128;
392, 711;
393, 128;
393, 228;
393, 730;
394, 128;
395, 128;
396, 128;
397, 128;
398, 128;
398, 429;
399, 128;
400, 128;
401, 128;
401, 498;
402, 128;
402, 147;
403, 128;
403, 411;
403, 492;
403, 583;
403, 731;
404, 128;
405, 128;
406, 129;
406, 247;
406, 592;
406, 593;
407, 129;
407, 732;
408, 129;
408, 733;
409, 130;
409, 575;
410, 130;
410, 165;
411, 130;
411, 348;
411, 403;
412, 130;
412, 211;
412, 734;
413, 130;
413, 735;
414, 130;
414, 203;
414, 348;
415, 130;
416, 130;
417, 130;
417, 736;
418, 131;
418, 141;
418, 330;
418, 340;
418, 379;
418, 383;
418, 466;
418, 475;
418, 710;
418, 724;
418, 737;
418, 738;
418, 739;
418, 740;
418, 741;
418, 742;
418, 743;
418, 744;
418, 745;
418, 746;
418, 747;
419, 132;
419, 147;
419, 629;
419, 748;
419, 749;
419, 750;
419, 751;
420, 132;
420, 559;
420, 752;
420, 753;
420, 754;
420, 755;
421, 132;
421, 225;
421, 226;
421, 246;
421, 543;
421, 546;
422, 134;
422, 517;
422, 756;
423, 136;
423, 424;
424, 136;
424, 199;
424, 423;
425, 137;
426, 142;
426, 226;
426, 757;
426, 758;
427, 143;
427, 147;
427, 432;
427, 499;
427, 759;
428, 144;
428, 152;
428, 156;
428, 157;
428, 246;
428, 369;
428, 738;
428, 760;
428, 761;
428, 762;
428, 763;
429, 145;
429, 334;
429, 398;
429, 764;
429, 765;
430, 145;
431, 145;
431, 212;
431, 330;
431, 766;
432, 146;
432, 427;
432, 703;
432, 767;
432, 768;
433, 146;
434, 146;
434, 542;
435, 147;
436, 147;
437, 147;
437, 489;
437, 679;
437, 766;
437, 769;
437, 770;
438, 147;
439, 147;
440, 147;
441, 148;
441, 152;
441, 207;
441, 629;
441, 771;
441, 772;
441, 773;
441, 774;
441, 775;
441, 776;
441, 777;
441, 778;
441, 779;
441, 780;
441, 781;
441, 782;
441, 783;
441, 784;
441, 785;
441, 786;
441, 787;
442, 152;
442, 157;
442, 160;
442, 211;
442, 333;
442, 513;
442, 788;
442, 789;
442, 790;
442, 791;
442, 792;
442, 793;
442, 794;
442, 795;
442, 796;
442, 797;
442, 798;
442, 799;
442, 800;
442, 801;
442, 802;
442, 803;
442, 804;
443, 154;
444, 155;
444, 444;
444, 447;
444, 448;
445, 155;
445, 792;
446, 155;
446, 792;
447, 155;
447, 444;
447, 792;
448, 155;
448, 444;
449, 156;
450, 156;
451, 158;
451, 335;
451, 452;
451, 682;
451, 689;
451, 805;
452, 158;
452, 451;
452, 453;
452, 454;
452, 806;
453, 158;
453, 335;
453, 452;
453, 454;
453, 682;
453, 689;
453, 805;
453, 807;
454, 158;
454, 452;
454, 453;
454, 808;
455, 159;
455, 325;
455, 646;
455, 669;
455, 686;
455, 724;
455, 809;
455, 810;
455, 811;
455, 812;
455, 813;
455, 814;
455, 815;
455, 816;
455, 817;
455, 818;
455, 819;
455, 820;
455, 821;
455, 822;
455, 823;
455, 824;
455, 825;
455, 826;
455, 827;
456, 159;
456, 202;
456, 338;
456, 516;
456, 795;
456, 828;
456, 829;
456, 830;
456, 831;
457, 159;
457, 823;
458, 160;
458, 243;
458, 256;
458, 562;
458, 832;
458, 833;
458, 834;
458, 835;
459, 161;
459, 836;
459, 837;
460, 164;
460, 247;
460, 838;
460, 839;
460, 840;
460, 841;
460, 842;
460, 843;
461, 165;
462, 165;
462, 468;
462, 469;
462, 471;
462, 844;
462, 845;
463, 165;
464, 165;
464, 310;
465, 165;
466, 165;
466, 418;
466, 846;
467, 165;
467, 847;
468, 165;
468, 462;
469, 165;
469, 462;
469, 474;
470, 165;
471, 165;
471, 462;
472, 167;
472, 478;
473, 167;
474, 167;
474, 469;
474, 848;
474, 849;
474, 850;
474, 851;
475, 175;
475, 337;
475, 418;
475, 475;
475, 482;
475, 517;
475, 711;
475, 852;
475, 853;
475, 854;
475, 855;
475, 856;
475, 857;
476, 179;
476, 858;
477, 185;
477, 630;
477, 859;
477, 860;
477, 861;
478, 185;
478, 472;
478, 862;
478, 863;
478, 864;
479, 185;
480, 186;
480, 865;
481, 186;
482, 187;
482, 475;
482, 710;
482, 711;
482, 866;
483, 187;
483, 297;
483, 328;
483, 331;
483, 376;
483, 483;
483, 606;
483, 867;
483, 868;
483, 869;
484, 187;
484, 590;
485, 187;
485, 517;
485, 710;
485, 715;
485, 740;
486, 187;
486, 328;
486, 538;
486, 870;
486, 871;
487, 187;
488, 187;
488, 795;
488, 872;
488, 873;
488, 874;
488, 875;
489, 191;
489, 437;
489, 489;
489, 766;
489, 769;
489, 770;
489, 876;
489, 877;
490, 195;
490, 319;
490, 650;
490, 878;
490, 879;
490, 880;
490, 881;
490, 882;
490, 883;
490, 884;
490, 885;
490, 886;
490, 887;
491, 196;
491, 888;
491, 889;
491, 890;
491, 891;
491, 892;
491, 893;
492, 196;
492, 403;
492, 575;
492, 894;
493, 196;
493, 576;
494, 196;
495, 196;
495, 311;
495, 598;
495, 622;
495, 895;
496, 196;
496, 311;
496, 896;
496, 897;
496, 898;
496, 899;
497, 196;
497, 754;
497, 900;
497, 901;
497, 902;
497, 903;
497, 904;
498, 196;
498, 401;
498, 905;
498, 906;
499, 198;
499, 427;
500, 198;
501, 198;
501, 348;
501, 832;
501, 907;
502, 198;
503, 198;
504, 198;
505, 198;
505, 348;
506, 198;
507, 199;
507, 510;
507, 908;
508, 199;
508, 909;
508, 910;
508, 911;
509, 201;
510, 202;
510, 507;
510, 816;
510, 912;
511, 205;
511, 913;
512, 205;
512, 227;
512, 556;
513, 207;
513, 442;
513, 914;
514, 208;
514, 915;
514, 916;
514, 917;
515, 209;
515, 918;
515, 919;
516, 209;
516, 456;
517, 209;
517, 361;
517, 422;
517, 475;
517, 485;
517, 833;
517, 859;
517, 920;
517, 921;
517, 922;
518, 209;
518, 923;
518, 924;
519, 209;
520, 209;
521, 209;
521, 579;
521, 585;
521, 925;
521, 926;
522, 210;
523, 211;
524, 211;
525, 211;
526, 211;
526, 526;
527, 211;
528, 211;
528, 612;
528, 927;
528, 928;
528, 929;
529, 211;
529, 930;
529, 931;
530, 212;
531, 212;
531, 790;
531, 809;
531, 932;
531, 933;
531, 934;
531, 935;
532, 212;
532, 936;
532, 937;
532, 938;
532, 939;
533, 213;
533, 940;
534, 213;
534, 297;
534, 311;
534, 750;
534, 941;
534, 942;
535, 216;
536, 216;
537, 216;
538, 217;
538, 377;
538, 486;
538, 606;
538, 943;
538, 944;
539, 220;
540, 222;
540, 945;
541, 222;
542, 224;
542, 434;
542, 753;
542, 946;
542, 947;
542, 948;
543, 224;
543, 227;
543, 421;
543, 546;
544, 225;
544, 949;
545, 225;
546, 225;
546, 226;
546, 421;
546, 543;
546, 950;
547, 225;
547, 229;
548, 225;
549, 225;
549, 231;
550, 226;
550, 951;
551, 226;
552, 226;
553, 226;
554, 227;
554, 952;
554, 953;
555, 227;
556, 227;
556, 512;
557, 230;
557, 717;
557, 954;
558, 232;
559, 233;
559, 420;
559, 590;
559, 950;
560, 234;
560, 955;
561, 234;
561, 563;
561, 956;
561, 957;
561, 958;
561, 959;
562, 234;
562, 458;
562, 564;
563, 234;
563, 561;
563, 956;
564, 234;
564, 562;
565, 234;
566, 236;
567, 236;
568, 236;
569, 238;
569, 336;
569, 640;
569, 762;
569, 960;
569, 961;
570, 239;
570, 570;
570, 962;
571, 239;
571, 963;
572, 243;
572, 322;
572, 375;
572, 964;
572, 965;
572, 966;
572, 967;
572, 968;
572, 969;
572, 970;
572, 971;
572, 972;
572, 973;
572, 974;
572, 975;
572, 976;
572, 977;
572, 978;
572, 979;
572, 980;
572, 981;
572, 982;
572, 983;
572, 984;
572, 985;
572, 986;
572, 987;
572, 988;
572, 989;
572, 990;
572, 991;
572, 992;
572, 993;
572, 994;
572, 995;
572, 996;
572, 997;
572, 998;
572, 999;
572, 1000;
572, 1001;
572, 1002;
572, 1003;
572, 1004;
572, 1005;
572, 1006;
572, 1007;
572, 1008;
572, 1009;
572, 1010;
572, 1011;
572, 1012;
572, 1013;
572, 1014;
572, 1015;
572, 1016;
573, 243;
573, 1017;
574, 243;
574, 574;
574, 575;
574, 594;
575, 243;
575, 409;
575, 492;
575, 574;
575, 597;
575, 1018;
576, 244;
576, 493;
577, 245;
577, 680;
577, 685;
577, 735;
577, 1019;
578, 245;
579, 245;
579, 338;
579, 521;
579, 1019;
579, 1020;
579, 1021;
580, 245;
580, 737;
580, 855;
581, 245;
582, 245;
583, 245;
583, 403;
584, 245;
585, 245;
585, 521;
585, 1019;
586, 245;
587, 245;
587, 686;
587, 1022;
587, 1023;
588, 245;
589, 245;
589, 685;
589, 855;
589, 1019;
590, 246;
590, 484;
590, 559;
590, 608;
590, 1024;
590, 1025;
590, 1026;
591, 246;
591, 593;
591, 594;
592, 246;
592, 406;
592, 1027;
593, 246;
593, 406;
593, 591;
593, 1028;
594, 247;
594, 574;
594, 591;
595, 247;
596, 247;
597, 247;
597, 575;
597, 1029;
598, 249;
598, 495;
598, 1030;
599, 249;
600, 249;
600, 1031;
601, 251;
601, 1032;
602, 255;
603, 255;
604, 256;
605, 256;
605, 1033;
605, 1034;
605, 1035;
606, 256;
606, 328;
606, 330;
606, 331;
606, 376;
606, 483;
606, 538;
606, 672;
606, 709;
606, 713;
606, 1036;
606, 1037;
606, 1038;
606, 1039;
606, 1040;
606, 1041;
606, 1042;
606, 1043;
607, 258;
607, 1044;
608, 259;
608, 590;
608, 1045;
609, 262;
609, 1046;
610, 263;
611, 263;
612, 263;
612, 528;
613, 264;
614, 265;
614, 348;
615, 265;
615, 1047;
616, 265;
616, 348;
617, 265;
617, 617;
617, 1048;
618, 268;
618, 1049;
619, 269;
620, 269;
621, 269;
622, 272;
622, 495;
622, 622;
622, 760;
622, 1036;
623, 272;
623, 777;
624, 289;
624, 625;
625, 289;
625, 624;
625, 1050;
626, 293;
626, 1051;
627, 293;
628, 293;
629, 295;
629, 368;
629, 419;
629, 441;
629, 629;
629, 1052;
629, 1053;
629, 1054;
630, 295;
630, 477;
631, 297;
631, 311;
631, 1055;
632, 297;
633, 297;
634, 297;
635, 297;
636, 297;
637, 297;
638, 304;
638, 339;
638, 350;
638, 373;
638, 682;
638, 695;
638, 711;
638, 855;
638, 873;
638, 922;
638, 1056;
638, 1057;
639, 310;
639, 1058;
639, 1059;
640, 311;
640, 569;
640, 1060;
640, 1061;
640, 1062;
641, 311;
642, 311;
643, 311;
643, 810;
643, 1063;
644, 311;
645, 311;
646, 311;
646, 455;
647, 311;
647, 1064;
647, 1065;
647, 1066;
648, 311;
649, 311;
650, 317;
650, 319;
650, 490;
650, 878;
650, 885;
650, 887;
650, 1067;
651, 317;
652, 320;
652, 1068;
653, 322;
653, 863;
653, 985;
653, 1069;
654, 323;
654, 1070;
655, 323;
656, 323;
657, 323;
658, 323;
659, 323;
660, 323;
661, 323;
662, 323;
663, 323;
664, 323;
665, 323;
666, 324;
666, 1071;
667, 326;
668, 326;
669, 327;
669, 455;
669, 670;
670, 327;
670, 669;
670, 1072;
670, 1073;
671, 328;
671, 742;
671, 1074;
672, 328;
672, 331;
672, 373;
672, 377;
672, 606;
672, 695;
672, 943;
673, 328;
673, 331;
673, 1075;
673, 1076;
673, 1077;
674, 328;
674, 331;
675, 329;
675, 814;
676, 329;
677, 329;
678, 329;
678, 935;
679, 330;
679, 437;
679, 1036;
679, 1078;
679, 1079;
679, 1080;
679, 1081;
679, 1082;
679, 1083;
680, 332;
680, 577;
681, 333;
682, 335;
682, 451;
682, 453;
682, 638;
682, 805;
682, 1084;
682, 1085;
683, 335;
683, 704;
683, 805;
683, 1086;
683, 1087;
684, 337;
684, 860;
684, 1088;
684, 1089;
685, 338;
685, 577;
685, 589;
685, 836;
685, 1090;
686, 338;
686, 455;
686, 587;
686, 836;
686, 1091;
686, 1092;
686, 1093;
687, 347;
688, 348;
688, 1094;
689, 348;
689, 451;
689, 453;
689, 1095;
690, 348;
691, 348;
692, 348;
693, 348;
693, 1089;
694, 348;
695, 350;
695, 638;
695, 672;
695, 922;
695, 936;
695, 1038;
695, 1084;
695, 1085;
695, 1096;
695, 1097;
695, 1098;
696, 354;
697, 360;
697, 384;
697, 1099;
697, 1100;
697, 1101;
697, 1102;
698, 360;
699, 360;
700, 360;
701, 361;
701, 1103;
702, 363;
703, 363;
703, 432;
704, 367;
704, 683;
704, 875;
704, 1104;
704, 1105;
704, 1106;
704, 1107;
704, 1108;
704, 1109;
704, 1110;
704, 1111;
705, 369;
705, 1112;
706, 372;
707, 372;
708, 374;
709, 376;
709, 606;
709, 709;
709, 1113;
710, 376;
710, 418;
710, 482;
710, 485;
710, 1099;
711, 377;
711, 392;
711, 475;
711, 482;
711, 638;
711, 711;
711, 714;
711, 715;
711, 855;
711, 866;
711, 1056;
711, 1114;
711, 1115;
711, 1116;
711, 1117;
711, 1118;
711, 1119;
711, 1120;
711, 1121;
711, 1122;
712, 377;
713, 377;
713, 606;
713, 943;
713, 1123;
713, 1124;
714, 377;
714, 711;
714, 1125;
715, 377;
715, 485;
715, 711;
715, 866;
715, 1123;
715, 1126;
716, 378;
716, 1127;
716, 1128;
717, 381;
717, 557;
717, 1129;
717, 1130;
717, 1131;
717, 1132;
718, 381;
719, 382;
719, 863;
719, 1133;
719, 1134;
719, 1135;
719, 1136;
720, 382;
720, 1137;
720, 1138;
720, 1139;
720, 1140;
721, 382;
722, 383;
722, 1141;
722, 1142;
723, 384;
723, 1131;
723, 1143;
724, 384;
724, 418;
724, 455;
725, 384;
725, 1144;
726, 384;
726, 1101;
727, 384;
728, 389;
728, 729;
728, 1145;
729, 389;
729, 728;
729, 1145;
730, 393;
731, 403;
732, 407;
733, 408;
734, 412;
734, 750;
734, 1146;
734, 1147;
734, 1148;
735, 413;
735, 577;
735, 1149;
735, 1150;
736, 417;
737, 418;
737, 580;
737, 739;
737, 742;
737, 855;
737, 1151;
737, 1152;
738, 418;
738, 428;
738, 1153;
739, 418;
739, 737;
739, 854;
740, 418;
740, 485;
740, 950;
740, 1154;
741, 418;
741, 1155;
742, 418;
742, 671;
742, 737;
743, 418;
743, 924;
744, 418;
745, 418;
746, 418;
747, 418;
748, 419;
748, 1156;
749, 419;
750, 419;
750, 534;
750, 734;
750, 751;
750, 1099;
751, 419;
751, 750;
752, 420;
753, 420;
753, 542;
753, 905;
753, 1157;
754, 420;
754, 497;
755, 420;
756, 422;
756, 1158;
756, 1159;
757, 426;
757, 1160;
757, 1161;
758, 426;
759, 427;
760, 428;
760, 622;
760, 1162;
760, 1163;
761, 428;
762, 428;
762, 569;
762, 1164;
762, 1165;
762, 1166;
763, 428;
763, 1167;
764, 429;
765, 429;
766, 431;
766, 437;
766, 489;
766, 766;
766, 769;
766, 770;
766, 876;
766, 877;
767, 432;
767, 957;
767, 1168;
767, 1169;
767, 1170;
768, 432;
769, 437;
769, 489;
769, 766;
769, 769;
769, 770;
769, 876;
769, 877;
770, 437;
770, 489;
770, 766;
770, 769;
770, 876;
770, 877;
771, 441;
772, 441;
772, 1171;
773, 441;
774, 441;
775, 441;
775, 1172;
775, 1173;
776, 441;
777, 441;
777, 623;
777, 812;
777, 1174;
777, 1175;
778, 441;
779, 441;
779, 1176;
780, 441;
781, 441;
782, 441;
783, 441;
784, 441;
784, 1027;
785, 441;
785, 785;
786, 441;
786, 786;
787, 441;
788, 442;
788, 788;
788, 998;
788, 1177;
788, 1178;
789, 442;
789, 1027;
789, 1179;
789, 1180;
790, 442;
790, 531;
791, 442;
791, 1181;
792, 442;
792, 445;
792, 446;
792, 447;
793, 442;
793, 1027;
793, 1182;
794, 442;
794, 1183;
795, 442;
795, 456;
795, 488;
796, 442;
797, 442;
798, 442;
799, 442;
800, 442;
801, 442;
802, 442;
802, 802;
803, 442;
804, 442;
805, 451;
805, 453;
805, 682;
805, 683;
806, 452;
807, 453;
807, 1130;
808, 454;
808, 1062;
809, 455;
809, 531;
810, 455;
810, 643;
811, 455;
811, 1184;
812, 455;
812, 777;
812, 1185;
813, 455;
814, 455;
814, 675;
814, 1186;
814, 1187;
815, 455;
815, 1188;
816, 455;
816, 510;
817, 455;
817, 1189;
818, 455;
819, 455;
820, 455;
821, 455;
822, 455;
823, 455;
823, 457;
824, 455;
825, 455;
826, 455;
827, 455;
828, 456;
828, 1190;
829, 456;
830, 456;
831, 456;
832, 458;
832, 501;
832, 1191;
833, 458;
833, 517;
833, 1192;
833, 1193;
834, 458;
835, 458;
836, 459;
836, 685;
836, 686;
836, 1194;
836, 1195;
836, 1196;
837, 459;
838, 460;
839, 460;
839, 1197;
839, 1198;
839, 1199;
839, 1200;
839, 1201;
840, 460;
840, 1157;
840, 1202;
840, 1203;
840, 1204;
840, 1205;
841, 460;
841, 1206;
842, 460;
843, 460;
844, 462;
845, 462;
846, 466;
847, 467;
847, 847;
848, 474;
849, 474;
850, 474;
851, 474;
852, 475;
852, 853;
853, 475;
853, 852;
854, 475;
854, 739;
854, 854;
854, 1207;
855, 475;
855, 580;
855, 589;
855, 638;
855, 711;
855, 737;
855, 1074;
855, 1117;
855, 1120;
855, 1208;
856, 475;
857, 475;
858, 476;
859, 477;
859, 517;
859, 1209;
860, 477;
860, 684;
861, 477;
862, 478;
862, 1210;
863, 478;
863, 653;
863, 719;
864, 478;
864, 1211;
865, 480;
866, 482;
866, 711;
866, 715;
866, 866;
866, 1121;
866, 1212;
867, 483;
868, 483;
869, 483;
869, 869;
870, 486;
871, 486;
872, 488;
873, 488;
873, 638;
874, 488;
875, 488;
875, 704;
876, 489;
876, 766;
876, 769;
876, 770;
876, 877;
877, 489;
877, 766;
877, 769;
877, 770;
877, 876;
877, 877;
878, 490;
878, 650;
879, 490;
880, 490;
881, 490;
882, 490;
883, 490;
884, 490;
885, 490;
885, 650;
886, 490;
887, 490;
887, 650;
888, 491;
889, 491;
889, 1213;
890, 491;
891, 491;
892, 491;
893, 491;
893, 1214;
894, 492;
894, 1215;
895, 495;
896, 496;
896, 1144;
897, 496;
898, 496;
899, 496;
899, 914;
900, 497;
901, 497;
902, 497;
902, 1150;
903, 497;
904, 497;
905, 498;
905, 753;
906, 498;
907, 501;
908, 507;
909, 508;
910, 508;
911, 508;
912, 510;
913, 511;
914, 513;
914, 899;
914, 1216;
915, 514;
915, 1124;
915, 1217;
916, 514;
917, 514;
917, 1218;
917, 1219;
918, 515;
919, 515;
920, 517;
920, 1220;
921, 517;
922, 517;
922, 638;
922, 695;
923, 518;
923, 1147;
923, 1221;
924, 518;
924, 743;
924, 1081;
924, 1222;
925, 521;
925, 1074;
926, 521;
927, 528;
928, 528;
929, 528;
930, 529;
931, 529;
932, 531;
933, 531;
933, 1223;
934, 531;
935, 531;
935, 678;
935, 1224;
936, 532;
936, 695;
937, 532;
938, 532;
938, 1225;
939, 532;
940, 533;
941, 534;
942, 534;
943, 538;
943, 672;
943, 713;
944, 538;
945, 540;
946, 542;
947, 542;
947, 1226;
947, 1227;
947, 1228;
947, 1229;
947, 1230;
948, 542;
949, 544;
950, 546;
950, 559;
950, 740;
950, 1231;
951, 550;
952, 554;
953, 554;
954, 557;
954, 1225;
954, 1232;
954, 1233;
955, 560;
956, 561;
956, 563;
957, 561;
957, 767;
958, 561;
959, 561;
960, 569;
961, 569;
962, 570;
963, 571;
964, 572;
965, 572;
966, 572;
967, 572;
967, 1218;
967, 1226;
967, 1234;
967, 1235;
968, 572;
969, 572;
970, 572;
971, 572;
972, 572;
973, 572;
973, 1236;
974, 572;
975, 572;
975, 1237;
976, 572;
977, 572;
978, 572;
979, 572;
980, 572;
981, 572;
981, 1100;
982, 572;
983, 572;
984, 572;
985, 572;
985, 653;
986, 572;
987, 572;
988, 572;
989, 572;
990, 572;
991, 572;
991, 1238;
992, 572;
993, 572;
994, 572;
995, 572;
996, 572;
997, 572;
998, 572;
998, 788;
998, 1177;
998, 1178;
999, 572;
1000, 572;
1001, 572;
1002, 572;
1003, 572;
1004, 572;
1005, 572;
1006, 572;
1007, 572;
1008, 572;
1009, 572;
1010, 572;
1011, 572;
1012, 572;
1013, 572;
1014, 572;
1015, 572;
1016, 572;
1017, 573;
1018, 575;
1019, 577;
1019, 579;
1019, 585;
1019, 589;
1019, 1239;
1020, 579;
1020, 1021;
1021, 579;
1021, 1020;
1022, 587;
1023, 587;
1024, 590;
1024, 1141;
1025, 590;
1026, 590;
1027, 592;
1027, 784;
1027, 789;
1027, 793;
1027, 1240;
1027, 1241;
1027, 1242;
1027, 1243;
1027, 1244;
1027, 1245;
1027, 1246;
1028, 593;
1029, 597;
1029, 1144;
1030, 598;
1031, 600;
1032, 601;
1032, 1247;
1033, 605;
1033, 1035;
1034, 605;
1034, 1035;
1035, 605;
1035, 1033;
1035, 1034;
1036, 606;
1036, 622;
1036, 679;
1036, 1036;
1036, 1248;
1036, 1249;
1037, 606;
1038, 606;
1038, 695;
1039, 606;
1040, 606;
1041, 606;
1042, 606;
1043, 606;
1044, 607;
1045, 608;
1046, 609;
1047, 615;
1047, 1250;
1047, 1251;
1047, 1252;
1047, 1253;
1047, 1254;
1047, 1255;
1048, 617;
1049, 618;
1049, 1256;
1050, 625;
1050, 1257;
1051, 626;
1051, 1258;
1052, 629;
1053, 629;
1053, 1255;
1054, 629;
1055, 631;
1055, 1129;
1056, 638;
1056, 711;
1057, 638;
1058, 639;
1058, 1059;
1059, 639;
1059, 1058;
1059, 1259;
1059, 1260;
1060, 640;
1060, 1261;
1061, 640;
1061, 1262;
1061, 1263;
1061, 1264;
1061, 1265;
1062, 640;
1062, 808;
1063, 643;
1064, 647;
1064, 1266;
1065, 647;
1066, 647;
1067, 650;
1068, 652;
1069, 653;
1070, 654;
1071, 666;
1072, 670;
1072, 1267;
1072, 1268;
1073, 670;
1074, 671;
1074, 855;
1074, 925;
1075, 673;
1076, 673;
1077, 673;
1078, 679;
1079, 679;
1080, 679;
1081, 679;
1081, 924;
1081, 1269;
1082, 679;
1083, 679;
1084, 682;
1084, 695;
1084, 1085;
1084, 1270;
1084, 1271;
1084, 1272;
1085, 682;
1085, 695;
1085, 1084;
1085, 1271;
1085, 1273;
1085, 1274;
1086, 683;
1086, 1275;
1087, 683;
1087, 1275;
1087, 1276;
1088, 684;
1089, 684;
1089, 693;
1090, 685;
1091, 686;
1091, 1168;
1092, 686;
1093, 686;
1094, 688;
1095, 689;
1096, 695;
1097, 695;
1098, 695;
1099, 697;
1099, 710;
1099, 750;
1100, 697;
1100, 981;
1100, 1277;
1100, 1278;
1100, 1279;
1101, 697;
1101, 726;
1101, 1280;
1102, 697;
1103, 701;
1103, 1281;
1103, 1282;
1103, 1283;
1104, 704;
1105, 704;
1106, 704;
1107, 704;
1108, 704;
1109, 704;
1110, 704;
1111, 704;
1112, 705;
1113, 709;
1114, 711;
1115, 711;
1115, 1190;
1115, 1284;
1115, 1285;
1116, 711;
1116, 1286;
1116, 1287;
1117, 711;
1117, 855;
1118, 711;
1118, 1288;
1118, 1289;
1119, 711;
1120, 711;
1120, 855;
1120, 1121;
1121, 711;
1121, 866;
1121, 1120;
1121, 1290;
1122, 711;
1123, 713;
1123, 715;
1124, 713;
1124, 915;
1124, 1291;
1125, 714;
1126, 715;
1126, 1292;
1127, 716;
1128, 716;
1129, 717;
1129, 1055;
1129, 1293;
1130, 717;
1130, 807;
1131, 717;
1131, 723;
1132, 717;
1133, 719;
1134, 719;
1135, 719;
1136, 719;
1137, 720;
1138, 720;
1139, 720;
1140, 720;
1141, 722;
1141, 1024;
1142, 722;
1143, 723;
1143, 1294;
1143, 1295;
1144, 725;
1144, 896;
1144, 1029;
1144, 1190;
1144, 1296;
1144, 1297;
1144, 1298;
1144, 1299;
1144, 1300;
1144, 1301;
1144, 1302;
1144, 1303;
1144, 1304;
1144, 1305;
1144, 1306;
1144, 1307;
1144, 1308;
1144, 1309;
1145, 728;
1145, 729;
1146, 734;
1146, 1310;
1147, 734;
1147, 923;
1148, 734;
1148, 1311;
1149, 735;
1149, 1149;
1150, 735;
1150, 902;
1150, 1312;
1151, 737;
1152, 737;
1153, 738;
1153, 1313;
1153, 1314;
1153, 1315;
1154, 740;
1154, 1316;
1155, 741;
1155, 1276;
1156, 748;
1157, 753;
1157, 840;
1157, 1317;
1158, 756;
1159, 756;
1160, 757;
1160, 1161;
1161, 757;
1161, 1160;
1162, 760;
1163, 760;
1164, 762;
1165, 762;
1165, 1318;
1165, 1319;
1165, 1320;
1165, 1321;
1166, 762;
1167, 763;
1168, 767;
1168, 1091;
1168, 1170;
1169, 767;
1170, 767;
1170, 1168;
1171, 772;
1171, 1322;
1171, 1323;
1171, 1324;
1171, 1325;
1172, 775;
1172, 1326;
1173, 775;
1173, 1326;
1174, 777;
1175, 777;
1176, 779;
1176, 1327;
1177, 788;
1177, 998;
1177, 1178;
1177, 1328;
1177, 1329;
1178, 788;
1178, 998;
1178, 1177;
1179, 789;
1180, 789;
1180, 1180;
1181, 791;
1182, 793;
1182, 1330;
1183, 794;
1183, 1331;
1183, 1332;
1183, 1333;
1183, 1334;
1184, 811;
1184, 1184;
1185, 812;
1186, 814;
1187, 814;
1188, 815;
1189, 817;
1189, 1335;
1189, 1336;
1189, 1337;
1190, 828;
1190, 1115;
1190, 1144;
1190, 1338;
1191, 832;
1191, 1339;
1191, 1340;
1191, 1341;
1192, 833;
1193, 833;
1194, 836;
1195, 836;
1196, 836;
1197, 839;
1197, 1198;
1197, 1342;
1197, 1343;
1197, 1344;
1197, 1345;
1198, 839;
1198, 1197;
1198, 1199;
1198, 1200;
1199, 839;
1199, 1198;
1199, 1200;
1200, 839;
1200, 1198;
1200, 1199;
1201, 839;
1202, 840;
1203, 840;
1204, 840;
1204, 1346;
1205, 840;
1206, 841;
1207, 854;
1207, 1347;
1208, 855;
1209, 859;
1210, 862;
1211, 864;
1212, 866;
1213, 889;
1214, 893;
1214, 1348;
1215, 894;
1216, 914;
1217, 915;
1217, 1265;
1218, 917;
1218, 967;
1219, 917;
1220, 920;
1221, 923;
1222, 924;
1223, 933;
1224, 935;
1224, 1349;
1224, 1350;
1224, 1351;
1225, 938;
1225, 954;
1226, 947;
1226, 967;
1226, 1264;
1226, 1352;
1227, 947;
1227, 1353;
1228, 947;
1229, 947;
1230, 947;
1231, 950;
1231, 1354;
1232, 954;
1232, 1232;
1232, 1355;
1232, 1356;
1232, 1357;
1233, 954;
1234, 967;
1234, 1352;
1235, 967;
1236, 973;
1236, 1358;
1237, 975;
1238, 991;
1238, 1359;
1238, 1360;
1239, 1019;
1240, 1027;
1241, 1027;
1242, 1027;
1243, 1027;
1244, 1027;
1245, 1027;
1246, 1027;
1247, 1032;
1247, 1361;
1248, 1036;
1248, 1298;
1249, 1036;
1250, 1047;
1250, 1362;
1250, 1363;
1250, 1364;
1250, 1365;
1251, 1047;
1252, 1047;
1252, 1366;
1252, 1367;
1253, 1047;
1254, 1047;
1255, 1047;
1255, 1053;
1255, 1368;
1256, 1049;
1256, 1369;
1256, 1370;
1257, 1050;
1258, 1051;
1259, 1059;
1260, 1059;
1261, 1060;
1261, 1314;
1261, 1371;
1261, 1372;
1261, 1373;
1262, 1061;
1262, 1374;
1262, 1375;
1263, 1061;
1263, 1265;
1263, 1376;
1263, 1377;
1263, 1378;
1263, 1379;
1263, 1380;
1264, 1061;
1264, 1226;
1264, 1381;
1264, 1382;
1265, 1061;
1265, 1217;
1265, 1263;
1266, 1064;
1267, 1072;
1268, 1072;
1269, 1081;
1269, 1383;
1270, 1084;
1271, 1084;
1271, 1085;
1271, 1384;
1272, 1084;
1273, 1085;
1274, 1085;
1275, 1086;
1275, 1087;
1276, 1087;
1276, 1155;
1276, 1385;
1277, 1100;
1278, 1100;
1279, 1100;
1280, 1101;
1281, 1103;
1281, 1386;
1282, 1103;
1283, 1103;
1284, 1115;
1285, 1115;
1286, 1116;
1287, 1116;
1288, 1118;
1288, 1387;
1289, 1118;
1290, 1121;
1291, 1124;
1291, 1388;
1291, 1389;
1292, 1126;
1293, 1129;
1294, 1143;
1295, 1143;
1295, 1390;
1296, 1144;
1296, 1391;
1297, 1144;
1297, 1392;
1298, 1144;
1298, 1248;
1299, 1144;
1300, 1144;
1301, 1144;
1302, 1144;
1303, 1144;
1304, 1144;
1305, 1144;
1306, 1144;
1307, 1144;
1308, 1144;
1309, 1144;
1310, 1146;
1311, 1148;
1312, 1150;
1313, 1153;
1314, 1153;
1314, 1261;
1314, 1393;
1315, 1153;
1316, 1154;
1316, 1394;
1316, 1395;
1317, 1157;
1318, 1165;
1319, 1165;
1320, 1165;
1321, 1165;
1322, 1171;
1322, 1323;
1323, 1171;
1323, 1322;
1323, 1396;
1324, 1171;
1325, 1171;
1326, 1172;
1326, 1173;
1326, 1326;
1327, 1176;
1328, 1177;
1329, 1177;
1330, 1182;
1330, 1397;
1330, 1398;
1330, 1399;
1330, 1400;
1331, 1183;
1331, 1401;
1331, 1402;
1332, 1183;
1333, 1183;
1334, 1183;
1335, 1189;
1335, 1336;
1335, 1403;
1336, 1189;
1336, 1335;
1336, 1403;
1337, 1189;
1338, 1190;
1339, 1191;
1340, 1191;
1341, 1191;
1342, 1197;
1343, 1197;
1344, 1197;
1345, 1197;
1346, 1204;
1346, 1404;
1346, 1405;
1347, 1207;
1348, 1214;
1348, 1406;
1349, 1224;
1349, 1407;
1350, 1224;
1350, 1408;
1351, 1224;
1352, 1226;
1352, 1234;
1353, 1227;
1353, 1409;
1353, 1410;
1354, 1231;
1355, 1232;
1356, 1232;
1357, 1232;
1358, 1236;
1359, 1238;
1359, 1411;
1360, 1238;
1361, 1247;
1362, 1250;
1363, 1250;
1364, 1250;
1365, 1250;
1366, 1252;
1366, 1367;
1367, 1252;
1367, 1366;
1367, 1412;
1368, 1255;
1369, 1256;
1370, 1256;
1370, 1413;
1370, 1414;
1370, 1415;
1371, 1261;
1372, 1261;
1373, 1261;
1374, 1262;
1375, 1262;
1375, 1416;
1376, 1263;
1377, 1263;
1377, 1377;
1378, 1263;
1378, 1378;
1378, 1417;
1379, 1263;
1380, 1263;
1380, 1388;
1380, 1418;
1381, 1264;
1381, 1419;
1381, 1420;
1381, 1421;
1381, 1422;
1381, 1423;
1382, 1264;
1383, 1269;
1384, 1271;
1385, 1276;
1385, 1424;
1386, 1281;
1387, 1288;
1387, 1425;
1388, 1291;
1388, 1380;
1388, 1389;
1389, 1291;
1389, 1388;
1390, 1295;
1390, 1426;
1390, 1427;
1391, 1296;
1391, 1428;
1392, 1297;
1392, 1398;
1392, 1429;
1392, 1430;
1393, 1314;
1393, 1431;
1394, 1316;
1395, 1316;
1396, 1323;
1396, 1432;
1397, 1330;
1398, 1330;
1398, 1392;
1399, 1330;
1399, 1433;
1400, 1330;
1401, 1331;
1401, 1402;
1401, 1434;
1402, 1331;
1402, 1401;
1402, 1434;
1403, 1335;
1403, 1336;
1403, 1435;
1404, 1346;
1405, 1346;
1406, 1348;
1406, 1436;
1407, 1349;
1407, 1437;
1407, 1438;
1408, 1350;
1409, 1353;
1410, 1353;
1411, 1359;
1412, 1367;
1413, 1370;
1414, 1370;
1415, 1370;
1416, 1375;
1417, 1378;
1418, 1380;
1419, 1381;
1420, 1381;
1421, 1381;
1422, 1381;
1423, 1381;
1424, 1385;
1425, 1387;
1426, 1390;
1426, 1439;
1427, 1390;
1428, 1391;
1429, 1392;
1429, 1440;
1430, 1392;
1430, 1441;
1431, 1393;
1431, 1442;
1431, 1443;
1431, 1444;
1431, 1445;
1431, 1446;
1432, 1396;
1433, 1399;
1433, 1433;
1433, 1447;
1433, 1448;
1433, 1449;
1433, 1450;
1433, 1451;
1434, 1401;
1434, 1402;
1435, 1403;
1436, 1406;
1436, 1452;
1437, 1407;
1438, 1407;
1439, 1426;
1440, 1429;
1440, 1453;
1441, 1430;
1442, 1431;
1443, 1431;
1443, 1454;
1444, 1431;
1445, 1431;
1446, 1431;
1447, 1433;
1447, 1447;
1447, 1448;
1447, 1449;
1447, 1450;
1447, 1455;
1447, 1456;
1448, 1433;
1448, 1447;
1448, 1457;
1448, 1458;
1449, 1433;
1449, 1447;
1450, 1433;
1450, 1447;
1451, 1433;
1452, 1436;
1453, 1440;
1454, 1443;
1455, 1447;
1456, 1447;
1457, 1448;
1457, 1458;
1458, 1448;
1458, 1457;
];